 Stdnt Id      Ex   --------- Assignments ---------------      Tot   Mi  Fin CL         Pts   Pct   Gr
 ----------       --    -------------------------------------------      ---    --   ---    --          ---     ---     --
 
  99587442  40  11  12  18  10  15  11  19  14  15	144  57  93  4	338  80.0  B
  69376571  48  14  19  19  20  19  19  16  18  20	172  40  68  5	333  79.0  B
  83406759  46  16  18  4  14  16  19  20  12  14	140  57  71  10	324  77.0  C
  68507434  41  20  17  20  18  11  18  12  19  6	158  47  80  8	334  79.0  B
  68315319  50  6  14  19  19  19  18  9  16  17	157  53  81  9	350  83.0  B
  85868414  48  20  19  14  14  13  15  19  20  20	167  59  94  6	374  89.0  B
  01234567  48  16  20  14  18  14  18  16  15  15	162  57  85  8	360  85.0  B
  94349760  48  20  17  12  12  18  17  17  20  8	146  33  68  8	303  72.0  C
  49743198  46  9  19  20  15  8  16  19  11  17	148  69  38  7	308  73.0  C
  49727845  45  18  13  8  19  18  6  15  15  13	137  61  39  6	288  68.0  C
  63348737  41  11  20  20  6  13  19  19  15  17	148  66  67  10	332  79.0  B
  92058829  43  20  7  12  17  17  5  19  15  19	136  63  41  4	287  68.0  C
  76634646  43  17  7  20  18  15  10  13  16  11	139  52  51  8	293  69.0  C
  92569684  27  15  16  3  20  6  19  7  19  20	131  30  27  9	224  53.0  D
  77859185  46  20  19  7  10  15  12  14  17  18	144  56  80  9	335  79.0  B
  96288488  18  16  20  20  7  11  15  17  10  14	141  67  83  6	315  75.0  C
  43719431  10  19  18  18  13  18  19  20  18  15	174  62  54  9	309  73.0  C
  93729985  33  19  18  16  18  12  20  8  19  14	164  67  89  9	362  86.0  B
  81055197  28  14  7  10  13  18  3  13  20  19	132  39  63  9	271  64.0  C
  75117670  48  20  13  15  20  20  15  17  18  19	160  39  39  4	290  69.0  C
  82339627  22  17  13  18  13  4  13  14  16  20	135  69  67  7	300  71.0  C
  76083210  37  12  11  15  17  17  13  11  18  20	143  67  76  4	327  77.0  C
  56724636  38  18  18  20  16  16  12  16  18  16	169  68  96  9	380  90.0  A
  95864348  48  20  4  20  14  13  11  18  15  20	155  55  99  7	364  86.0  B
  81148779  33  15  13  14  14  19  20  11  16  16	150  63  97  4	347  82.0  B
  52266012  36  14  16  15  20  18  13  14  20  19	151  52  72  8	319  75.0  C
  57809572  45  6  19  20  5  19  5  5  19  18	130  70  96  7	348  82.0  B
  73209724  40  19  15  15  7  20  18  13  9  15	146  54  56  10	306  72.0  C
  74075368  27  17  14  20  13  14  20  16  11  12	156  56  90  6	335  79.0  B
  35998165  44  18  20  18  18  16  10  18  15  17	168  54  83  8	357  85.0  B
  59369118  33  8  19  19  19  15  19  17  14  16	163  45  76  3	320  76.0  C
  98459005  39  17  18  16  12  18  10  13  19  16	146  49  92  4	330  78.0  B
  92378153  34  20  12  10  20  16  5  12  16  11	142  64  51  5	296  70.0  C
  72137258  35  6  15  18  16  17  18  18  7  15	147  56  77  3	318  75.0  C
  80127661  22  19  19  17  14  19  18  19  15  14	162  18  93  10	305  72.0  C
  89096607  37  19  17  8  16  16  3  20  11  18	145  67  85  9	343  81.0  B
  56557465  26  20  14  8  16  19  17  19  12  18	155  18  76  8	283  67.0  C
  89848685  34  15  6  7  13  12  19  19  11  12	120  54  99  6	313  74.0  C
  66718189  48  11  12  16  17  20  6  19  14  12	146  67  26  1	288  68.0  C
  74974049  38  11  19  19  15  16  17  18  20  20	168  68  90  10	374  89.0  B
  80739909  12  16  20  14  19  15  15  8  17  18	154  67  93  9	335  79.0  B
  88013992  34  4  18  10  20  19  16  10  8  14	138  45  98  10	325  77.0  C
  30587366  47  18  11  19  19  6  17  19  17  15	158  42  72  9	328  78.0  B
  49402614  39  9  18  20  19  3  13  18  19  16	143  44  83  8	317  75.0  C
  22879177  34  13  20  11  13  11  16  11  20  14	144  61  67  2	308  73.0  C
  57878135  43  13  13  11  11  16  14  18  15  19	149  62  73  7	334  79.0  B
  76543210  29  3  10  10  10  15  10  15  10  15	108  50  71  0	258  61.0  D
  76543211  19  0  15  10  10  15  10  15  10  15	110  50  70  0	249  59.0  D
  87654321  46  20  19  20  19  20  19  20  19  20	195  68  98  9	416  99.0  A
  50139080  40  20  20  15  16  13  20  4  20  11	144  62  95  8	349  83.0  B


Average total points of all students :76.67619%

Number of A's :2
Number of B's :21
Number of C's :24
Number of D's :3
Number of E's :0

Maximum points :416